spider_base_radius: 4.642459866397608
spider_head_height: 9.355803312442202
spider_base_particle_radius: 1.4979135216810637
spider_attr_particle_radius: 1.4752831792315242
spider_head_particle_radius: 1.0
log_morse_attr_eps: 4.286391530030283
morse_attr_alpha: 1.4193355362346702
morse_r_cutoff: 12.0
morse_r_onset: 10.0
rel_attr_pos: 0.3632382047051499
log_leg_spring_eps: [-0.73345491  2.39585624 -0.96931361 -1.12290946  2.07906853 -0.77915243
 -1.0261328   3.19219886 -2.43528705  2.7845707 ]
